696
196
447
115
553
704
917
848
727
729
123
666
270
784
256
735
74
427
718
154
590
122
607
835
944
860
534
585
484
762
273
339
684
203
529
990
617
39
955
464
512
816
983
484
572
2
26
127
291
235
82
111
648
852
493
523
5
320
470
532
499
348
678
187
872
4
291
77
979
959
735
689
702
856
440
35
48
174
607
672
383
21
679
697
695
867
421
221
785
735
998
567
163
403
1
847
592
90
105
180
212
452
447
431
293
839
91
387
881
64
956
848
849
439
820
110
15
744
897
303
49
766
793
62
569
210
53
907
280
433
200
8
727
387
957
918
954
896
843
784
937
221
134
521
124
172
154
810
779
826
6
83
143
145
651
899
161
526
248
643
908
885
524
948
233
552
910
433
896
887
388
407
693
113
39
440
719
480
255
839
40
435
160
151
617
84
961
84
966
970
924
954
625
506
551
428
22
478
471
117
698
311
547
283
57
487
836
945
99
7
231
147
890
335
411
980
882
388
790
172
445
995
743
734
706
180
695
965
97
914
594
430
558
318
435
992
0
739
721
448
581
69
612
873
20
339
315
521
86
627
286
351
849
332
979
489
363
863
360
666
504
319
539
31
839
39
729
578
799
266
897
840
98
614
805
766
915
130
892
473
273
39
806
938
552
778
830
880
864
415
5
959
788
305
136
846
106
134
936
550
914
472
378
839
132
382
43
381
274
609
786
183
863
410
594
280
292
49
322
622
157
952
930
720
948
270
412
781
401
551
117
975
460
888
639
735
537
665
452
594
239
860
985
648
125
689
596
21
745
620
180
953
103
62
940
738
986
983
275
465
418
198
371
834
634
527
731
84
700
563
428
177
84
46
36
960
798
361
370
774
716
991
56
699
376
613
486
576
547
955
488
214
95
239
254
353
247
640
564
916
113
376
173
350
13
579
305
675
877
820
288
149
721
47
658
321
166
129
764
718
738
155
177
15
574
134
483
10
272
952
396
873
477
660
102
918
535
808
946
924
200
944
17
256
532
24
893
614
836
334
51
408
748
294
864
114
930
767
157
456
329
299
24
416
314
603
32
788
230
33
629
448
19
119
769
499
944
629
911
272
790
224
511
123
877
158
618
945
800
318
624
112
998
147
364
661
718
418
425
797
342
393
692
667
248
879
413
728
154
659
563
513
64
180
962
610
952
319
620
208
250
815
809
93
314
583
260
444
899
923
893
548
226
85
276
377
300
419
592
37
117
101
708
870
6
420
939
930
754
798
16
237
429
894
532
339
442
593
324
857
95
219
854
93
863
984
185
782
828
294
991
213
54
47
888
43
221
813
107
469
583
86
131
611
926
15
700
246
585
749
480
7
941
959
771
220
576
470
367
909
275
542
677
301
809
151
297
612
583
956
704
185
482
540
849
605
736
759
85
331
612
432
836
251
426
465
869
397
634
197
130
899
60
326
942
288
73
758
76
116
946
843
21
537
960
316
941
56
463
224
27
156
143
686
724
169
16
342
98
269
73
54
622
380
445
66
687
970
44
723
733
696
913
223
383
2
253
193
981
888
311
343
611
648
126
82
307
84
197
691
574
103
33
848
398
883
970
333
651
167
179
704
568
44
232
781
361
910
196
480
900
112
716
520
529
256
876
512
823
794
883
50
252
736
853
53
256
422
221
693
319
355
45
921
601
972
868
943
168
531
698
508
669
957
771
16
472
866
589
341
106
189
64
65
800
338
626
337
502
863
180
789
782
299
956
331
556
884
319
155
63
589
947
913
150
596
878
713
100
665
575
669
385
682
151
58
343
219
731
817
142
283
889
193
388
506
5
193
517
623
215
731
530
782
34
396
889
406
667
393
537
881
124
475
305
284
612
739
940
334
901
184
794
894
114
205
886
925
299
136
359
874
38
701
638
580
20
81
147
250
317
866
500
359
921
228
988
81
372
334
515
408
324
939
583
116
506
893
351
575
763
4
432
233
650
283
222
530
596
299
577
571
312
377
305
181
513
147
967
3
673
465
409
892
499
886
114
760
869
901
964
604
321
624
954
128
774
595
623
677
8
215
773
748
736
275
451
194
433
157
278
55
585
78
618
350
855
452
357
119
584
793
272
744
584
656
907
466
391
288
172
903
809
984
484
690
218
834
790
975
789
29
828
953
855
771
416
866
172
681
220
517
181
165
951
191
221
937
341
188
687
469
233
790
534
51
578
433
544
764
511
194
632
920
639
173
646
947
25
341
286
107
605
302
562
589
54
422
772
975
941
138
323
672
771
526
601
36
538
812
