161
876
380
82
731
358
932
37
765
944
838
339
702
318
929
135
965
199
312
148
225
339
157
929
357
862
255
149
938
996
940
891
855
443
346
290
324
416
104
596
412
647
361
633
577
538
288
775
889
461
87
416
86
396
425
624
467
786
888
394
354
687
744
630
394
244
659
929
606
638
526
200
233
685
448
186
69
873
34
90
627
400
850
982
853
941
346
455
40
624
789
981
725
62
266
342
853
437
80
626
620
934
426
566
55
552
268
851
384
133
83
603
936
403
620
864
732
385
594
825
80
907
699
569
55
133
356
565
221
320
696
314
844
155
872
105
346
489
508
113
980
11
687
687
875
555
473
347
997
588
887
138
879
80
453
708
678
496
11
258
557
122
53
310
992
418
628
894
215
855
274
718
102
96
755
953
561
315
470
188
293
858
947
127
858
867
471
697
812
323
59
295
905
926
331
800
837
781
930
160
728
532
138
759
713
471
953
757
989
848
687
845
720
944
956
835
115
848
143
459
94
202
432
704
373
497
103
101
38
57
582
411
27
949
633
152
19
724
830
480
883
862
399
267
737
824
581
523
745
362
718
264
896
298
183
65
430
359
172
25
857
923
156
676
828
149
394
749
206
539
550
453
783
617
555
10
917
832
321
226
205
30
754
506
430
5
266
103
15
771
711
664
824
46
160
198
477
929
74
553
15
344
166
793
157
36
46
318
865
179
846
700
645
431
175
750
107
225
422
54
572
610
772
878
240
38
127
726
404
917
829
386
178
599
688
863
530
100
549
706
870
741
47
318
452
162
712
776
756
593
232
376
81
736
390
366
333
959
259
719
468
773
462
131
739
789
290
180
913
468
179
692
555
842
271
291
398
515
434
828
613
217
450
611
235
320
474
278
890
997
593
853
410
924
442
431
301
53
286
890
143
793
533
727
187
831
628
848
200
309
297
686
410
373
42
931
797
423
875
809
373
109
421
925
328
831
796
548
45
58
673
640
54
79
839
574
633
990
985
496
837
406
432
826
239
466
26
651
403
65
413
282
160
721
284
514
892
785
952
676
263
738
688
639
84
970
491
303
642
205
818
423
881
127
403
996
679
834
728
215
66
897
101
38
912
807
928
161
58
183
460
892
295
209
550
790
708
917
816
364
754
423
163
506
584
71
311
103
719
291
190
772
597
780
247
634
712
370
375
669
460
37
281
80
408
681
710
822
83
500
984
882
300
688
528
580
383
896
751
1
571
984
234
237
144
845
814
200
806
542
947
498
248
606
342
796
728
135
174
549
156
277
271
437
982
212
981
194
993
726
736
340
463
509
846
823
999
986
31
285
284
503
226
285
953
975
700
340
569
928
360
318
755
666
642
761
770
439
238
807
386
943
358
918
382
238
456
645
815
196
125
981
255
10
854
873
620
396
498
468
471
751
298
390
908
720
37
466
853
894
535
823
415
653
820
145
741
248
427
499
443
978
661
292
427
393
621
811
731
872
193
144
288
880
583
760
844
690
507
444
554
147
724
183
442
316
271
658
288
221
10
718
535
830
947
734
59
170
393
782
468
568
912
395
151
535
666
849
406
421
353
947
887
756
561
562
850
922
74
757
867
435
355
730
360
933
986
694
685
416
680
206
283
400
617
803
423
360
449
860
374
781
754
42
430
4
290
117
784
681
921
574
738
589
913
273
489
315
614
98
251
511
693
944
858
507
928
850
421
888
719
485
624
845
459
343
660
335
291
259
970
797
810
129
912
903
128
801
590
867
772
940
922
187
331
240
223
910
994
798
300
953
320
225
65
138
151
812
677
649
321
921
43
700
94
466
162
413
707
238
851
610
959
242
470
464
784
936
5
285
835
121
642
801
800
627
300
792
395
847
604
343
54
185
775
640
452
269
116
291
416
571
805
915
236
702
210
371
287
638
136
35
206
880
33
603
562
215
14
818
554
434
927
507
335
370
122
573
581
261
250
958
322
268
79
867
351
773
827
606
499
622
701
485
471
191
702
795
796
858
305
837
121
290
552
283
80
693
681
128
928
88
263
272
157
413
901
230
299
603
797
399
394
563
47
550
403
90
205
941
185
768
523
621
891
963
220
202
70
345
95
837
143
32
537
55
429
908
588
607
589
340
108
545
167
553
762
52
990
741
106
61
821
883
751
149
493
81
711
500
451
727
929
640
510
811
786
94
590
258
486
620
176
732
116
752
494
637
83
745
523
36
768
544
196
946
962
426
298
48
28
773
652
621
601
836
634
851
95
353
772
677
625
750
881
423
400
648
627
338
628
641
287
3
677
169
970
598
246
511
559
996
977
81
78
654
677
294
862
109
555
572
523
416
153
324
811
433
165
558
834
596
236
105
877
85
443
843
947
533
177
906
760
945
544
269
267
743
568
234
383
149
356
108
351
704
72
560
450
518
879
700
511
512
44
885
938
344
118
788
883
667
7
909
656
938
141
971
9
307
591
915
465
335
108
51
84
384
196
239
700
937
810
288
862
90
681
569
897
822
196
560
262
2
122
332
419
965
62
841
746
935
789
366
311
879
568
127
926
45
433
260
691
640
210
805
379
380
480
976
751
892
191
873
681
825
456
428
230
500
29
754
700
934
110
846
949
481
371
683
330
553
953
108
443
149
282
887
58
149
69
679
735
711
172
676
774
689
796
225
861
21
560
346
113
684
406
928
961
104
795
163
26
435
922
451
57
389
855
978
415
414
530
401
286
945
855
558
994
632
755
375
171
602
529
534
439
766
914
736
828
178
306
507
707
541
695
868
392
989
245
699
310
925
477
307
351
727
532
866
169
586
991
577
837
784
900
432
649
351
428
506
612
338
309
792
273
787
876
492
581
631
656
116
203
213
969
353
231
117
214
460
728
602
222
236
694
875
903
950
498
203
963
529
765
539
512
204
137
961
550
127
379
648
235
659
514
227
474
695
530
551
19
824
297
340
764
267
315
167
124
610
256
167
984
786
26
10
951
389
277
412
16
800
351
436
963
115
248
490
325
696
635
928
541
754
617
421
747
380
847
184
944
290
974
743
489
776
832
35
989
702
762
344
462
276
893
222
196
808
127
487
437
345
790
318
217
926
589
872
409
688
143
658
647
57
111
262
361
96
730
227
455
371
77
103
324
407
144
124
690
606
108
445
950
85
568
428
338
761
815
257
625
142
982
128
517
812
817
744
916
102
197
108
625
160
800
79
343
444
277
385
689
305
291
120
596
185
581
341
350
94
396
549
999
408
217
568
965
325
447
1
735
669
404
59
583
401
857
124
602
784
431
200
28
717
209
629
932
577
184
894
487
32
273
567
256
755
379
684
533
489
557
238
917
42
260
571
781
586
410
753
913
191
82
191
712
7
864
559
241
344
366
388
362
565
592
980
887
26
321
898
31
613
375
379
34
241
825
642
974
808
625
410
1
876
540
808
561
930
149
499
231
867
146
457
298
465
855
111
48
202
134
644
615
220
393
59
562
685
166
699
599
462
480
324
861
524
742
928
923
418
421
604
419
726
49
522
781
238
321
13
768
183
175
759
483
954
495
530
898
436
831
369
100
264
45
850
865
986
727
788
161
899
930
47
416
908
622
451
725
321
193
640
994
324
128
375
605
931
853
637
909
871
817
858
769
826
562
985
322
884
800
750
96
497
994
926
370
370
366
504
87
671
773
999
10
663
636
64
795
603
303
703
15
653
800
328
297
376
589
252
794
156
624
771
36
896
143
584
85
252
428
973
183
59
271
739
396
905
920
86
750
15
953
844
269
880
159
8
953
966
241
111
807
518
56
398
465
269
71
430
814
557
357
270
697
897
821
675
893
337
383
125
733
513
863
193
849
460
674
23
597
249
249
391
844
463
727
301
395
515
372
550
616
378
548
62
400
581
218
392
271
137
245
705
979
967
141
377
266
47
15
871
137
851
835
944
918
403
679
259
301
566
452
100
799
231
526
747
857
603
674
248
409
853
295
814
331
140
743
193
561
475
79
173
121
786
866
620
176
526
372
460
964
466
210
67
520
399
567
671
8
240
952
294
956
699
905
79
674
644
521
364
692
812
952
5
472
177
650
473
390
443
59
667
836
107
665
479
165
631
377
104
105
414
218
399
326
293
798
394
820
35
567
198
206
872
62
18
899
540
662
979
484
735
752
101
129
277
127
269
309
139
251
840
160
915
155
894
922
639
859
33
660
22
325
276
979
736
540
338
206
32
852
485
223
805
566
727
262
476
703
288
921
302
567
556
280
954
207
952
220
87
283
745
424
999
776
738
775
627
87
944
37
839
991
331
714
170
9
715
89
509
77
740
383
493
402
320
758
135
794
880
265
279
699
222
970
628
666
66
639
907
91
479
651
711
787
730
73
114
166
502
884
971
316
190
881
436
503
328
566
246
888
994
308
795
167
781
527
976
592
250
686
429
658
309
950
51
804
301
665
721
137
484
412
570
426
265
422
38
778
392
492
627
621
395
401
321
33
535
243
887
479
846
857
133
91
828
880
967
494
88
445
90
301
305
940
46
226
770
815
464
320
284
683
955
549
318
652
554
488
491
233
437
369
233
826
278
24
193
222
943
277
288
937
113
487
969
610
219
736
844
338
678
69
607
184
137
412
112
970
821
966
420
558
263
155
255
343
877
13
896
979
647
789
512
905
380
146
360
232
398
888
884
610
579
68
823
287
312
678
124
878
84
199
838
414
863
378
757
35
517
87
406
149
771
586
821
306
565
603
289
683
97
630
861
899
908
178
671
412
278
399
102
412
236
712
997
885
187
200
910
275
276
738
5
222
8
552
826
103
377
845
730
63
530
878
107
650
388
450
930
507
830
739
691
497
145
477
620
95
837
275
86
514
780
585
49
179
113
171
156
196
691
853
389
111
812
988
683
266
696
185
229
31
885
334
550
696
510
905
728
919
675
205
58
212
601
128
128
384
290
800
30
565
56
6
288
504
123
540
320
399
372
186
597
109
109
452
740
797
184
648
542
211
465
124
262
533
320
116
765
688
479
97
452
231
924
85
693
518
643
642
302
622
684
754
412
561
92
42
96
68
946
736
952
61
433
515
685
802
45
169
363
200
204
331
683
837
842
405
225
405
904
138
570
657
659
285
47
103
613
690
686
346
914
922
19
393
232
981
3
373
603
498
64
428
29
266
438
884
599
435
432
249
47
96
704
942
422
622
498
538
156
361
315
906
825
380
963
189
643
432
804
397
712
236
654
512
927
979
737
694
159
11
958
477
603
737
483
265
712
169
577
895
765
691
938
704
430
138
900
739
197
799
709
155
405
26
395
296
900
368
521
441
549
512
647
207
535
103
87
508
750
67
983
130
364
469
648
49
99
967
834
944
137
469
338
709
281
353
81
783
818
542
634
272
710
158
295
889
49
119
56
237
172
536
122
311
845
377
808
104
725
728
857
416
542
72
597
302
870
244
5
843
852
730
278
240
366
618
226
495
116
93
707
439
381
635
725
314
29
108
703
769
127
640
29
495
885
859
933
714
473
120
763
182
886
398
364
699
728
808
923
63
605
846
492
647
718
952
107
222
502
795
744
984
463
236
985
368
123
682
467
494
605
440
183
572
716
272
741
511
169
875
432
547
294
692
926
87
523
188
529
312
222
272
599
226
606
480
875
993
813
793
717
133
479
17
565
219
331
666
799
640
317
135
163
560
381
404
813
229
200
483
188
500
288
553
64
202
483
807
613
636
149
715
367
715
339
535
1
685
573
481
653
976
639
914
474
178
925
971
573
693
104
640
422
542
593
16
209
20
480
853
172
53
233
406
427
452
716
805
286
7
240
994
524
917
524
261
111
349
785
35
923
89
559
576
740
418
291
387
19
684
698
583
484
346
716
725
240
917
655
751
914
85
671
64
287
922
720
767
151
540
448
434
123
711
571
942
114
283
331
965
620
415
284
865
490
797
786
492
263
641
968
834
839
75
902
198
635
828
862
185
326
397
387
762
704
778
142
751
908
366
734
585
991
464
363
910
336
99
552
79
358
708
178
386
91
356
425
626
875
381
67
794
600
114
623
97
230
127
588
286
446
855
407
597
201
476
643
826
483
800
336
306
673
939
722
794
504
446
973
871
748
883
202
523
209
584
225
985
186
936
91
312
83
897
954
564
789
269
263
314
550
488
24
393
499
784
724
598
891
299
276
800
656
218
280
43
469
18
883
296
487
67
661
273
625
298
355
281
592
705
380
178
479
311
202
808
88
746
787
787
744
983
372
251
734
708
529
268
696
822
499
40
233
140
590
675
75
212
358
170
325
619
398
293
377
416
116
468
845
34
12
653
315
672
992
811
23
239
881
58
189
998
540
999
677
701
948
285
196
484
448
386
536
656
952
136
623
80
65
295
885
998
803
495
584
888
276
252
441
198
899
458
922
975
706
24
134
660
385
89
353
262
283
845
318
947
287
598
239
923
262
726
396
961
643
590
955
316
220
121
448
814
308
360
865
444
666
438
409
100
529
427
159
973
957
134
514
504
567
900
875
644
133
813
239
471
681
949
488
624
76
856
607
945
423
415
743
915
150
471
513
897
730
192
456
287
481
931
616
515
651
309
240
497
140
736
641
852
689
697
266
312
561
828
506
693
129
75
185
854
124
838
898
536
286
836
705
894
683
543
933
481
200
606
91
740
221
620
23
925
590
997
727
944
13
377
510
278
758
177
465
970
959
599
393
964
609
266
54
927
391
126
317
69
426
298
654
722
982
531
788
29
493
838
457
627
182
723
926
918
866
949
76
491
331
573
426
761
280
31
219
29
913
860
291
867
4
822
86
54
690
714
725
457
922
664
382
174
199
918
950
155
856
618
646
693
772
270
583
884
103
206
236
230
918
965
907
631
915
69
135
302
605
190
373
947
680
918
176
453
884
270
787
760
965
797
739
259
54
485
943
775
930
755
484
820
665
213
241
302
275
28
300
116
700
233
520
945
156
140
420
179
129
511
784
681
276
409
950
946
173
710
675
57
724
60
937
812
469
984
970
163
95
807
499
645
833
41
555
510
537
975
222
382
131
141
746
747
506
691
237
838
702
805
649
635
154
210
213
978
520
226
586
954
796
825
335
277
26
752
777
287
597
266
690
528
884
108
20
529
523
550
131
795
260
942
788
635
311
68
214
761
501
847
396
296
181
630
59
64
298
124
550
999
497
826
116
862
938
720
707
191
762
887
299
140
651
645
833
395
17
603
374
311
697
660
812
656
984
995
437
73
789
855
895
426
60
51
768
812
56
838
586
274
772
273
994
7
655
326
803
810
250
78
90
790
846
923
958
926
759
524
871
477
503
863
216
316
48
688
633
197
786
760
573
980
261
241
733
510
300
45
623
449
814
671
599
163
354
329
551
598
702
244
566
328
92
262
931
946
490
918
125
102
588
875
897
995
88
690
622
878
86
174
688
310
834
706
303
961
728
234
411
901
226
416
302
790
96
594
838
686
37
880
846
532
979
115
745
339
522
553
810
762
634
694
946
180
74
52
687
766
188
682
413
534
639
323
299
43
632
518
725
39
470
163
802
744
769
821
745
734
327
466
805
560
986
871
34
919
257
984
82
316
802
974
129
253
105
578
401
122
295
229
659
374
353
90
483
377
28
467
46
34
762
160
395
858
44
150
107
588
933
579
78
800
270
896
148
463
539
704
532
728
753
109
940
977
18
970
46
873
895
394
452
322
120
103
736
301
595
199
82
502
911
49
966
422
164
518
433
62
898
642
288
249
146
553
77
963
108
846
551
422
597
991
397
371
989
916
207
765
475
334
978
417
902
477
997
625
761
514
12
545
401
179
97
65
286
517
17
88
156
747
866
906
845
44
576
720
716
331
678
61
32
344
671
881
196
92
161
471
511
409
410
401
333
8
402
179
73
4
53
789
901
252
115
121
304
198
510
221
234
391
536
11
367
631
990
603
422
881
340
314
220
184
110
964
298
948
993
356
136
156
444
461
404
206
846
361
515
114
133
502
675
269
424
521
523
688
34
506
239
448
124
471
915
665
357
484
643
148
720
304
910
856
546
860
365
988
95
148
187
434
497
136
234
840
211
908
215
552
264
930
508
567
347
706
609
66
282
424
693
860
884
419
182
716
828
854
11
635
818
639
571
924
244
485
292
636
846
463
697
401
387
744
937
967
750
998
216
525
834
737
36
487
418
97
374
524
277
352
307
223
570
398
687
947
629
612
725
279
203
800
860
609
663
191
17
183
961
24
309
40
624
429
436
209
156
973
98
108
994
117
673
803
205
317
403
114
821
94
120
450
823
73
645
354
137
779
441
216
536
677
973
286
872
175
448
823
727
604
228
568
46
57
488
139
109
967
587
391
826
673
298
764
822
703
462
858
452
480
285
913
31
646
307
642
735
955
900
565
527
130
425
444
934
273
645
348
519
394
355
252
688
696
214
703
620
86
684
475
949
27
488
379
537
346
275
114
560
478
486
446
664
155
870
716
76
759
180
914
135
40
576
303
649
255
281
103
29
266
852
3
935
887
159
181
844
243
145
745
935
259
808
334
933
74
222
460
671
522
176
920
882
822
156
3
204
555
479
529
44
614
593
604
534
856
6
641
707
775
977
170
425
662
711
27
708
29
373
856
456
747
174
827
490
575
605
908
498
726
716
16
519
103
503
300
471
91
704
731
449
840
168
75
930
428
894
822
375
486
959
204
149
392
610
926
987
112
78
205
41
639
739
825
888
769
202
614
485
586
450
608
379
354
576
247
492
679
106
557
172
802
312
181
250
476
759
766
731
134
571
468
189
39
649
208
613
176
646
894
757
396
576
28
422
259
655
18
437
253
847
620
621
524
636
453
458
323
826
366
509
563
81
220
97
44
609
128
672
663
856
791
890
218
813
818
28
469
624
952
545
154
832
423
832
674
512
297
817
145
663
755
301
387
962
737
921
17
401
405
702
947
715
655
905
450
438
990
250
173
295
845
851
608
562
24
175
542
919
517
652
291
633
296
534
220
556
887
146
386
42
108
907
561
74
489
453
422
727
685
36
591
536
989
951
917
816
158
639
397
404
958
454
244
93
986
814
712
362
906
87
851
683
665
723
234
987
825
546
749
515
571
742
23
439
212
578
956
848
827
860
242
717
430
155
809
679
132
791
284
944
990
468
641
78
983
610
941
241
219
117
744
831
779
572
8
73
350
159
106
796
699
474
483
710
882
888
4
618
523
102
580
162
343
414
47
280
883
836
596
913
138
849
533
294
130
473
775
753
511
227
498
152
443
205
106
745
279
649
187
259
755
615
660
596
689
32
714
860
184
501
645
93
940
714
655
869
59
427
96
322
939
345
40
914
670
272
548
155
71
688
361
973
863
870
31
946
128
191
500
399
867
201
10
523
996
93
466
384
723
372
191
882
430
181
392
851
121
665
893
441
976
755
659
517
819
295
770
329
568
350
507
509
831
227
703
933
334
878
691
531
213
234
632
708
828
972
382
50
400
66
401
742
508
582
236
415
460
966
481
788
149
290
618
473
729
1
322
873
302
103
413
153
302
399
646
157
833
849
895
97
710
425
427
238
9
348
408
319
446
623
640
702
187
782
910
368
692
501
197
186
40
102
628
311
777
720
422
447
297
433
142
245
88
880
504
933
833
801
75
168
708
862
722
989
167
566
874
94
189
988
621
452
568
351
829
520
235
841
868
208
608
823
56
578
337
740
628
255
682
114
274
383
59
654
885
805
251
215
450
702
127
147
134
548
387
429
794
586
999
343
908
787
787
23
472
443
349
946
651
745
335
522
959
727
46
453
611
968
788
60
98
581
679
332
996
628
283
972
825
550
34
987
345
547
260
246
970
597
298
972
881
261
451
982
201
573
785
85
617
244
742
249
399
767
761
652
314
362
933
793
126
595
968
828
265
583
648
704
26
851
801
775
489
873
444
977
265
653
466
363
778
171
62
219
156
39
528
687
837
641
725
639
331
235
236
133
886
184
284
799
652
306
913
102
424
376
637
863
525
563
938
948
260
219
918
646
845
330
472
448
385
893
727
123
190
43
874
282
124
307
626
65
349
454
779
847
778
734
793
773
888
346
688
218
961
431
812
868
526
212
294
517
778
578
512
696
682
206
63
782
441
445
935
946
768
555
590
949
363
207
878
366
598
942
534
106
982
43
210
388
788
864
726
993
348
228
138
274
236
905
855
903
207
264
80
397
410
548
563
859
742
640
295
535
844
901
600
824
535
707
517
719
690
955
371
399
410
728
754
670
606
640
541
535
252
586
783
390
85
406
209
743
472
195
432
843
85
65
539
368
335
572
394
955
684
353
794
461
265
376
765
839
278
910
22
508
922
662
290
938
695
428
106
643
741
254
373
750
317
823
202
509
851
264
179
108
591
269
494
997
157
898
909
418
936
256
813
352
141
792
651
852
379
107
658
981
329
404
746
37
928
34
978
565
160
605
78
860
902
604
611
412
706
345
207
18
270
410
943
184
115
5
968
64
94
103
782
479
560
537
867
771
27
703
223
595
767
998
206
570
493
946
223
119
411
481
168
571
230
583
543
728
134
903
235
643
195
379
394
718
461
97
820
13
769
610
652
842
751
255
638
151
904
770
419
960
926
710
506
898
531
741
386
932
91
396
922
424
406
804
705
598
197
136
737
950
158
406
237
551
451
972
620
329
28
129
926
52
989
949
187
154
498
893
411
728
982
887
392
268
147
262
799
651
132
762
830
810
735
432
359
559
238
762
530
420
180
2
554
846
484
280
325
448
573
678
87
143
59
348
744
946
287
524
185
265
630
804
439
814
198
516
462
188
29
387
14
826
468
435
435
388
329
853
246
503
698
882
281
687
549
447
816
231
453
283
867
939
726
457
552
69
626
453
205
51
980
629
107
370
193
37
854
905
254
375
921
84
413
861
558
770
857
964
59
742
753
703
336
807
538
261
213
268
748
160
697
448
278
531
581
381
950
631
502
1
184
34
505
466
992
188
577
366
219
967
749
107
943
723
845
352
60
652
50
102
938
281
293
303
713
81
343
169
599
379
280
311
859
74
204
669
681
779
31
925
823
573
33
643
948
588
301
577
128
786
931
352
775
579
942
364
39
923
647
714
272
342
632
280
347
147
637
33
771
550
572
829
104
353
997
825
587
366
981
375
532
756
93
933
279
83
799
50
773
613
296
83
910
763
905
49
860
322
831
316
594
312
147
984
564
439
44
690
9
156
976
47
690
612
154
265
654
13
221
679
486
148
478
616
948
904
415
996
753
105
16
775
379
86
345
827
573
387
58
968
920
883
51
427
376
840
255
305
49
812
251
870
472
978
541
294
238
998
239
158
71
942
443
968
297
4
721
250
184
513
67
82
118
831
881
704
352
987
912
600
307
557
966
330
317
765
633
704
825
780
485
3
442
668
364
346
560
37
135
449
336
397
907
826
94
707
575
194
814
633
162
546
201
635
73
640
442
560
102
122
543
828
812
319
165
327
575
618
61
670
256
235
827
620
222
788
901
692
593
917
696
38
183
188
301
228
17
893
251
23
648
265
662
651
25
574
486
467
520
43
466
227
536
678
155
256
408
164
429
646
169
669
304
366
525
401
685
929
986
683
540
478
235
616
738
484
319
220
519
981
75
658
398
551
538
853
893
199
877
487
132
20
438
653
403
422
846
918
868
825
183
535
632
242
867
132
229
764
195
340
69
127
20
730
226
863
667
219
45
700
225
217
46
283
994
259
165
296
95
662
631
238
484
341
308
549
716
352
573
727
672
724
44
567
894
735
84
390
318
222
54
443
184
189
829
919
865
282
98
306
445
998
129
341
822
697
812
53
650
409
646
384
875
390
647
0
472
30
70
233
488
936
566
617
998
575
887
67
225
109
181
135
235
937
430
794
9
126
764
509
745
386
866
572
679
952
748
334
275
578
151
412
28
630
535
328
600
403
23
796
907
353
995
787
452
243
42
944
472
514
631
905
326
167
527
671
209
796
853
813
124
727
192
91
615
92
742
134
136
647
418
421
973
275
872
282
38
105
330
596
839
296
979
853
227
989
96
453
212
735
206
450
303
914
679
985
405
574
655
982
187
644
730
403
371
877
40
513
315
278
752
449
196
915
866
885
869
647
577
657
877
125
69
343
120
727
935
651
289
320
581
435
573
80
637
530
640
572
975
139
489
447
51
756
960
169
801
126
736
129
31
879
824
874
189
842
147
176
724
604
319
838
45
372
427
366
847
198
833
388
376
459
547
943
308
593
610
684
587
643
201
128
373
949
408
146
921
534
724
628
475
617
716
36
579
730
631
43
490
866
361
281
368
159
300
442
201
459
667
121
798
991
626
272
631
21
273
601
598
951
272
708
175
902
172
710
259
610
638
938
292
907
5
990
899
786
242
965
885
328
186
972
140
736
464
715
425
939
32
571
376
881
569
566
892
62
386
583
897
425
245
175
464
740
720
465
493
48
592
315
364
833
200
729
210
754
872
736
200
540
433
475
442
152
196
478
206
47
306
237
864
521
558
167
138
306
495
605
17
198
50
249
739
213
508
540
28
735
964
216
439
868
823
527
1
784
293
966
26
458
361
178
797
736
759
989
119
769
541
149
156
638
260
306
749
326
992
993
125
492
354
377
931
407
583
673
730
94
241
165
371
518
875
267
524
361
402
742
818
669
55
774
322
806
106
314
846
833
160
444
955
38
972
215
310
264
612
831
542
573
26
148
725
141
179
469
705
336
277
997
159
545
17
221
311
441
479
150
746
753
769
656
144
112
824
68
62
148
139
3
724
481
110
401
117
499
726
882
919
562
154
231
483
713
278
500
119
371
585
169
326
827
286
99
889
910
672
71
390
591
119
634
407
806
439
608
118
222
375
63
708
729
279
991
897
571
618
376
853
576
307
64
701
259
868
199
785
948
658
201
955
484
829
368
370
232
867
332
460
16
147
256
58
683
807
49
37
233
90
221
974
396
113
870
75
668
175
850
390
958
609
520
71
400
232
169
66
883
404
857
739
470
93
856
846
483
445
938
35
520
162
199
814
740
839
455
349
427
922
686
330
752
112
992
832
870
893
609
907
612
528
379
272
499
578
973
315
869
583
581
24
867
853
770
129
842
137
216
141
628
642
448
90
103
101
851
282
212
719
868
368
934
41
63
38
100
845
738
87
669
208
142
367
935
136
634
634
844
156
436
762
122
50
580
698
69
139
216
623
548
139
846
935
692
325
985
185
861
179
602
924
791
539
378
724
144
622
178
166
693
458
488
349
26
271
854
789
992
518
864
133
138
628
42
466
428
327
884
918
129
648
147
791
383
638
965
83
609
995
480
585
329
248
303
612
184
908
826
465
339
817
985
231
851
559
494
446
66
826
436
647
181
663
999
780
522
724
457
329
895
309
454
895
844
890
965
146
967
733
836
928
570
162
447
241
587
880
124
190
712
372
814
419
396
900
547
862
955
529
452
241
926
261
506
164
923
788
223
939
924
168
728
271
802
52
253
144
550
562
673
472
187
264
245
355
196
92
948
514
542
601
914
159
65
938
326
251
200
563
249
995
818
670
1
394
485
427
895
311
471
489
114
270
736
617
197
789
983
643
516
981
935
808
294
248
301
989
655
745
17
233
597
183
759
38
909
604
185
123
818
938
979
522
105
533
450
533
99
540
921
244
936
536
306
977
748
311
598
869
81
2
681
995
841
810
125
610
870
170
833
152
609
870
621
873
347
473
357
231
219
340
111
76
36
98
835
738
217
208
351
804
392
42
68
709
217
241
584
214
74
792
25
262
8
414
738
433
804
110
869
51
951
113
317
470
435
406
671
606
360
695
421
582
136
365
846
684
592
406
557
783
323
378
333
249
52
734
230
119
880
999
654
69
213
992
799
878
59
271
352
569
766
233
211
376
381
694
387
762
98
671
120
872
86
500
177
325
864
810
172
278
282
25
517
225
721
188
920
586
687
810
228
400
198
625
215
374
811
402
432
357
620
223
653
278
311
337
249
646
161
863
793
355
968
208
52
659
950
953
173
555
34
795
518
149
932
203
531
395
949
141
16
599
873
411
927
557
850
710
314
896
882
936
833
561
181
336
793
431
632
396
554
672
562
877
314
741
21
268
923
723
313
58
742
622
174
198
643
864
723
895
391
679
536
353
967
733
980
317
407
633
412
440
650
986
937
861
397
804
52
367
964
571
113
743
504
12
742
620
108
588
270
288
19
79
782
742
25
506
698
890
626
773
205
881
378
376
876
160
169
822
134
352
530
407
986
270
65
399
269
361
608
484
271
501
612
861
672
820
96
493
756
820
62
831
256
236
725
188
215
815
524
487
966
219
993
618
641
588
94
209
40
274
912
124
713
785
350
187
779
390
611
1
236
743
623
771
120
147
960
482
22
825
65
948
65
613
860
688
880
989
241
856
890
833
891
497
882
113
235
150
978
161
188
67
935
607
706
669
65
532
31
799
813
393
315
15
737
873
888
951
12
564
80
855
311
21
259
807
332
881
752
2
825
239
271
439
409
543
97
1
920
523
77
150
456
818
993
637
733
451
232
368
521
823
845
905
396
599
725
593
4
156
666
196
533
166
618
504
254
500
546
659
984
962
952
964
827
689
444
850
286
520
354
82
771
864
222
20
165
61
164
532
407
664
620
886
946
89
487
130
274
66
688
16
573
887
793
661
506
578
321
51
546
427
327
686
493
716
990
963
549
378
117
19
639
551
810
133
819
701
282
914
640
365
103
658
500
669
151
588
760
984
13
522
637
272
726
387
85
470
474
514
408
122
796
731
897
302
160
326
468
164
377
804
998
833
972
342
777
201
380
422
387
25
602
565
746
627
665
955
150
876
684
676
738
874
709
912
409
785
754
595
465
252
70
315
687
953
505
153
199
813
717
150
949
535
54
62
373
153
789
842
443
136
26
543
728
517
963
156
850
683
237
106
479
953
101
772
726
466
444
989
154
519
389
592
187
751
756
835
379
637
405
285
418
279
750
806
542
119
426
350
306
474
651
389
458
229
3
546
920
296
455
95
423
171
161
730
698
869
344
766
711
59
390
559
981
157
806
221
767
996
808
152
188
80
66
794
476
774
876
434
370
135
416
324
89
643
989
861
948
828
703
141
765
192
596
637
225
421
309
776
775
601
815
862
811
370
637
35
652
335
76
399
398
26
650
958
500
349
92
703
582
809
667
106
186
574
434
939
298
653
295
163
154
521
715
909
285
499
232
974
403
205
550
678
593
382
474
347
989
252
859
596
876
528
370
163
353
859
150
484
836
647
336
490
814
80
330
713
348
929
479
270
151
691
215
898
263
943
274
93
583
381
38
888
593
189
343
611
495
459
81
492
779
40
309
761
580
403
534
749
174
582
207
318
772
764
795
504
244
393
488
338
351
490
352
909
363
660
502
373
599
280
914
32
507
372
913
244
290
188
380
118
525
551
138
644
653
31
53
603
348
808
998
316
400
409
294
410
789
696
539
599
950
344
507
116
64
726
935
903
187
194
599
367
766
128
430
939
934
757
914
600
994
55
954
769
142
110
564
817
210
407
546
172
407
318
120
251
941
699
845
718
180
478
796
468
581
381
70
319
107
764
309
178
20
731
191
36
510
643
221
86
200
226
159
296
310
991
927
682
600
703
142
126
520
654
542
995
414
761
174
931
561
895
43
902
356
48
833
776
155
398
726
774
521
488
527
102
832
70
746
732
715
950
911
233
859
845
107
669
989
609
18
485
76
883
440
816
608
258
445
715
290
386
915
357
954
92
981
980
656
807
237
598
644
476
186
564
154
167
85
953
13
689
390
664
855
258
248
475
202
28
357
80
694
91
47
534
104
529
813
221
995
654
966
187
21
620
597
339
944
48
72
536
724
157
199
224
622
546
494
867
959
708
311
475
12
406
439
541
661
900
179
333
692
336
511
464
283
123
746
467
706
477
370
97
796
136
639
385
198
447
543
62
899
540
750
95
215
718
575
39
598
393
571
136
959
936
452
432
914
325
759
70
59
905
244
309
507
503
564
271
546
523
286
853
154
953
653
434
707
439
506
304
815
996
769
114
497
250
811
216
318
110
215
433
696
393
581
251
203
686
577
686
486
716
760
438
952
78
211
31
597
94
621
755
587
728
898
199
765
490
5
412
771
234
950
297
36
447
271
173
785
785
162
826
343
301
729
973
593
529
617
786
312
790
995
381
248
754
776
219
656
253
513
551
997
820
249
48
675
585
751
367
498
836
299
47
960
194
156
733
369
884
348
711
384
195
41
497
313
718
561
666
893
614
209
653
120
649
250
155
82
882
929
702
856
210
465
609
726
944
182
531
420
476
337
610
410
305
459
868
361
552
496
944
480
713
594
891
535
133
639
887
676
415
608
894
816
808
358
364
4
658
43
10
477
364
155
959
401
69
893
233
958
212
193
121
766
651
56
581
624
99
363
934
101
875
305
450
669
978
72
252
647
380
959
975
490
794
789
122
610
801
706
125
858
941
729
569
666
335
182
750
325
841
930
438
754
74
799
702
13
988
986
965
914
811
629
61
709
120
853
247
520
940
887
683
426
648
562
461
41
529
777
626
388
505
976
265
575
88
951
919
723
818
456
659
993
249
793
793
379
699
439
722
648
863
239
944
986
33
330
743
398
909
316
54
815
808
521
933
262
474
29
985
779
559
174
779
761
644
65
167
705
303
701
495
637
592
760
647
918
956
700
436
933
968
829
774
59
794
89
597
406
234
709
975
856
80
728
687
197
440
935
785
65
200
501
658
107
146
371
165
858
612
563
888
363
925
973
93
412
450
517
628
976
159
994
6
63
57
779
708
689
839
815
414
808
649
417
247
319
945
719
838
178
359
886
520
331
192
955
256
662
838
88
152
90
146
809
753
501
806
730
327
346
279
87
784
106
880
63
955
180
2
22
133
922
935
126
118
850
86
57
18
133
72
190
924
488
777
45
173
964
594
480
386
604
891
937
523
754
71
642
56
15
672
229
974
486
392
600
271
299
905
700
864
285
653
651
932
628
999
987
429
9
346
563
210
674
896
265
340
966
410
582
899
675
199
119
134
289
664
377
760
826
392
487
965
217
520
59
819
805
168
359
966
32
530
359
372
696
801
565
807
345
567
767
17
820
243
929
145
137
945
91
675
716
828
944
62
271
399
650
143
868
857
820
307
485
846
102
970
490
122
623
679
206
696
122
444
247
129
871
922
792
609
484
854
564
891
128
271
769
404
533
451
975
661
15
481
980
522
621
674
901
319
963
57
139
586
753
145
511
20
4
22
667
393
151
387
311
608
294
290
141
460
182
787
298
424
492
228
121
393
457
510
445
197
535
912
682
561
26
925
825
56
581
440
542
720
184
448
248
879
644
878
197
867
867
779
103
574
47
887
815
16
413
180
548
462
300
681
528
761
432
978
488
474
222
101
46
169
156
543
12
476
743
845
662
676
399
799
805
60
123
366
20
379
956
950
745
977
785
111
673
181
39
229
184
389
619
408
405
359
101
622
366
828
602
731
212
629
870
947
557
453
692
438
370
182
125
650
805
231
464
527
794
851
907
67
982
509
479
798
776
719
609
831
914
578
178
949
891
840
253
219
53
61
952
115
951
124
441
723
830
278
942
700
685
189
449
399
381
510
534
634
378
821
683
608
901
170
915
247
911
642
38
795
457
745
921
760
965
874
805
380
984
1
959
379
350
543
331
572
826
749
254
49
617
197
471
476
754
265
272
868
68
398
855
807
68
499
843
817
641
412
414
635
774
964
662
647
675
927
623
912
856
173
561
70
600
74
937
582
845
586
950
993
894
250
899
339
298
394
212
91
111
38
166
611
276
420
656
13
39
983
128
117
484
90
147
694
458
649
821
836
107
841
577
801
777
888
805
739
24
975
702
122
819
236
163
143
126
891
184
792
869
29
442
817
448
209
18
596
253
814
951
777
216
19
612
873
464
21
452
571
785
512
845
689
889
905
168
661
529
216
163
221
731
43
241
911
699
812
104
197
971
533
956
513
926
626
68
228
129
757
321
343
121
984
743
189
925
858
385
944
497
396
573
160
107
605
9
194
566
690
873
605
689
321
511
632
36
140
573
39
334
436
505
4
461
91
918
897
347
867
683
276
105
29
346
636
963
321
295
832
295
956
362
207
603
376
692
122
323
45
474
517
396
269
385
620
440
549
30
514
918
440
184
421
573
654
333
758
701
593
741
108
730
872
31
255
222
396
623
434
289
543
824
307
647
541
883
588
71
739
804
75
588
796
70
583
178
43
867
633
958
594
905
674
354
609
268
451
948
466
820
982
577
400
51
92
907
560
701
913
693
8
684
17
927
869
576
710
819
288
119
713
386
768
422
541
675
123
660
644
657
685
423
353
672
323
734
429
748
114
178
957
479
737
650
144
997
797
313
206
476
530
350
331
677
343
312
51
538
106
748
416
75
43
941
551
393
141
382
385
614
254
79
141
311
464
945
395
936
912
848
267
378
316
180
307
763
970
468
583
906
99
712
771
381
446
176
196
369
449
183
389
437
194
6
646
332
131
598
686
205
404
422
49
704
771
580
268
480
374
684
469
39
145
539
184
379
403
206
100
843
459
572
365
517
808
852
706
504
861
37
326
440
875
0
868
595
873
948
931
535
535
990
481
382
848
426
940
656
750
2
971
275
631
90
964
25
661
62
919
975
323
921
671
493
699
979
992
750
420
189
331
350
121
108
759
491
861
544
466
673
730
160
974
926
786
276
958
999
652
687
895
37
800
519
652
720
630
929
297
38
983
302
185
255
455
700
595
896
347
266
903
123
69
405
471
359
646
264
672
897
707
259
520
231
96
18
81
877
144
480
91
990
551
849
144
216
847
721
25
28
358
588
374
808
913
363
331
211
513
832
518
781
196
990
556
768
191
383
755
23
687
635
170
250
815
690
125
147
283
95
797
584
595
10
84
93
251
120
654
709
199
624
571
93
884
12
209
85
562
610
406
332
821
767
859
319
195
967
588
813
656
339
795
322
372
487
933
462
198
166
284
514
611
589
12
726
959
426
385
841
899
415
269
958
759
46
96
600
271
162
832
730
1
479
432
182
623
504
196
463
632
819
762
956
361
411
140
156
992
794
858
753
369
81
797
467
385
365
582
986
616
0
357
534
692
297
550
230
272
144
669
468
355
698
874
602
981
278
16
971
692
154
479
40
221
573
633
557
63
233
378
151
721
308
128
413
627
84
594
952
713
876
989
537
596
488
465
261
555
585
731
191
768
653
348
426
581
382
86
161
884
509
374
390
566
843
252
3
563
260
696
648
192
336
8
729
279
519
972
163
440
625
82
612
989
279
684
276
644
473
567
435
645
469
55
393
819
176
623
644
792
509
620
529
224
472
49
58
456
5
213
504
639
969
744
773
130
940
541
577
62
610
417
120
782
5
130
92
141
561
266
507
309
587
275
927
918
983
924
830
738
132
730
631
253
78
498
952
634
856
34
710
912
596
807
89
867
969
969
579
359
800
11
678
872
723
839
903
340
937
662
859
778
234
909
204
244
12
547
888
160
896
711
470
13
380
382
333
712
78
994
843
565
137
398
751
763
319
405
260
784
164
571
723
156
466
68
268
42
606
888
720
273
167
976
357
257
942
514
823
552
422
735
640
916
114
534
852
43
973
882
555
430
282
846
827
852
784
321
74
683
865
124
69
409
960
577
344
992
877
293
755
968
655
438
69
111
549
920
407
691
368
464
975
144
808
164
159
885
209
242
226
449
705
796
83
59
897
573
442
879
766
718
276
348
260
633
46
874
662
863
581
641
964
317
213
556
841
984
323
541
439
641
873
578
970
228
111
109
534
722
104
337
757
383
344
32
497
662
367
465
338
552
338
575
973
819
743
389
938
671
851
110
464
156
515
809
207
759
99
737
297
915
125
170
710
964
825
999
602
408
485
249
157
678
754
338
240
80
804
424
103
84
267
165
223
421
434
890
900
442
28
660
407
52
974
839
372
491
860
942
252
794
468
477
755
774
441
574
127
14
941
887
131
876
191
293
208
106
412
394
871
768
253
105
773
490
733
202
707
229
230
881
817
330
263
241
599
675
555
622
240
931
392
656
555
834
491
884
63
662
933
316
834
213
644
958
406
623
713
154
553
960
33
52
703
467
962
994
206
66
284
296
446
89
793
887
699
299
474
908
176
917
672
508
74
462
980
45
926
824
315
888
592
32
322
451
177
120
905
179
659
375
735
966
565
118
659
214
686
443
890
754
31
458
961
838
922
447
736
707
585
737
41
954
196
392
637
113
115
487
138
432
276
285
714
421
473
997
258
275
209
677
797
57
793
563
165
367
111
771
486
692
323
574
343
291
178
645
13
307
1
187
222
893
922
952
615
257
686
305
659
257
247
165
656
991
537
27
751
714
173
951
384
628
752
251
792
751
630
658
728
909
895
592
75
495
244
245
139
53
81
632
241
660
198
464
103
438
235
782
148
556
119
926
979
342
709
397
736
554
804
916
569
763
842
130
140
249
908
576
771
958
204
653
720
737
896
618
662
91
683
472
479
87
410
909
292
295
549
438
396
633
135
238
547
576
116
645
62
863
39
868
905
464
189
428
61
251
569
438
313
674
829
109
788
729
257
688
29
859
252
211
151
447
420
301
436
26
339
101
700
878
24
5
562
367
735
385
547
622
871
833
52
679
285
337
664
149
626
265
371
414
678
465
269
561
967
709
38
3
650
214
162
144
580
528
42
31
102
616
727
815
427
22
491
157
648
480
310
768
751
423
778
939
223
898
827
465
11
624
990
56
989
76
605
347
767
753
757
835
526
636
124
777
404
745
562
98
464
902
355
44
412
500
533
536
923
491
477
277
757
253
760
620
976
595
161
627
501
435
174
393
644
347
343
384
652
768
148
264
83
39
290
431
839
156
906
159
127
737
293
440
272
230
896
573
824
743
392
19
961
915
771
314
634
440
995
64
40
724
935
379
724
151
647
981
193
948
692
565
853
622
529
79
770
919
698
37
679
508
8
462
663
156
799
565
22
23
908
686
908
804
885
17
559
802
919
744
105
936
430
5
907
872
445
229
92
509
26
273
3
358
565
979
261
859
173
941
659
564
807
532
459
529
716
124
833
948
341
830
777
459
542
893
604
825
988
606
125
364
292
652
431
409
130
651
413
819
658
37
845
291
735
729
690
786
870
73
988
105
590
178
846
945
950
47
492
335
722
902
815
639
236
772
23
753
179
836
388
769
395
570
96
912
600
862
324
777
488
532
670
830
341
361
116
776
275
728
871
4
28
730
175
987
69
59
479
899
453
233
677
409
146
888
400
552
591
705
510
634
710
265
953
37
278
213
278
345
105
252
882
982
365
388
488
283
573
702
75
961
803
70
101
566
764
779
954
541
584
373
228
314
844
108
283
411
782
548
33
778
540
870
815
152
218
171
200
388
558
241
288
912
946
208
872
548
261
470
553
132
126
398
882
548
54
760
695
764
952
994
728
375
112
515
220
341
174
304
952
393
822
368
489
100
740
58
497
680
745
166
816
825
597
833
771
213
560
922
154
245
665
153
104
635
385
991
468
299
613
321
367
87
631
94
201
10
8
960
589
974
132
703
549
912
297
265
803
569
229
430
414
736
76
7
261
851
635
622
3
373
772
825
671
849
534
776
558
236
296
542
920
337
89
53
44
118
63
458
976
267
867
791
593
403
693
39
619
274
986
756
221
31
358
924
605
748
759
506
723
280
592
481
733
325
798
580
335
29
275
368
388
176
780
131
133
832
897
29
213
853
497
188
679
493
600
823
940
83
102
416
165
328
284
484
137
615
606
735
67
626
576
136
844
563
918
716
720
268
492
390
280
656
118
868
763
314
901
373
625
187
775
294
950
266
121
436
623
371
612
635
941
730
282
933
875
264
227
303
181
852
536
221
823
398
547
390
623
212
761
378
840
783
261
759
780
968
123
763
261
852
725
764
952
951
669
251
998
452
232
175
688
891
971
150
879
67
709
311
982
654
825
674
324
956
190
160
210
288
381
263
309
103
198
574
272
438
486
103
913
979
425
778
470
380
281
542
652
596
969
602
676
284
80
442
322
158
45
621
499
860
811
499
859
175
561
84
273
844
49
492
7
192
634
154
593
189
669
952
697
629
193
332
781
226
539
517
94
584
949
514
893
546
609
956
548
841
211
619
319
547
209
318
917
456
559
444
911
504
555
432
739
505
730
786
589
108
125
415
43
54
404
82
692
620
900
876
404
488
296
135
446
457
666
385
207
903
876
556
355
651
528
898
534
708
120
102
809
262
930
709
230
389
572
843
106
320
272
41
247
209
940
260
123
304
337
954
824
535
213
878
465
97
151
995
845
403
479
4
683
812
143
281
867
401
338
727
93
545
840
639
744
719
307
406
896
38
529
396
549
975
694
997
325
253
580
910
637
194
802
218
449
122
231
122
773
381
914
410
671
787
272
832
260
359
592
832
755
78
766
875
866
33
650
350
83
469
908
855
730
636
759
394
766
188
559
881
521
502
48
738
334
233
989
850
246
741
433
63
447
651
717
172
306
153
311
157
583
276
147
682
615
550
696
545
726
391
850
252
907
63
304
161
421
561
546
992
708
476
608
87
921
771
585
841
202
220
303
470
582
126
179
